20220812 20220911 20220912 20221003 20221005
20220912 20221011 20221012 20221101 20221104
20221012 20221113 20221114 20221205 20221207
20221114 20221212 20221213 20230102 20230104
20221213 20230111 20230112 20230201 20230203
20230112 20230212 20230213 20230306 20230308
20230213 20230312 20230313 20230403 20230405
20230313 20230411 20230412 20230502 20230504
20230412 20230511 20230512 20230601 20230605
20230512 20230611 20230612 20230703 20230705
20230612 20230711 20230712 20230801 20230803
20230712 20230814 20230815 20230904 20230906
20230815 20230913 20230914 20231004 20231006
20230914 20231013 20231014 20231103 20231106
20231014 20231113 20231114 20231204 20231206
20231114 20231213 20231214 20240103 20240105
20231214 20240112 20240113 20240201 20240206
20240113 20240212 20240213 20240305 20240307
20240213 20240313 20240314 20240403 20240405
20240314 20240412 20240413 20240503 20240507
20240413 20240513 20240514 20240604 20240606
20240514 20240612 20240613 20240704 20240708
20240613 20240712 20240713 20240802 20240806
20240713 20240812 20240813 20240903 20240905
20240813 20240912 20240913 20241004 20241008
20240913 20241014 20241015 20241105 20241107
20241015 20241113 20241114 20241205 20241209
20241114 20241213 20241214 20250103 20250107
