20220829 20220926 20220927 20221017 20221019
20220927 20221026 20221027 20221116 20221118
20221027 20221127 20221128 20221219 20221221
20221128 20221226 20221227 20230116 20230118
20221227 20230126 20230127 20230216 20230220
20230127 20230226 20230227 20230321 20230323
20230227 20230326 20230327 20230417 20230419
20230327 20230426 20230427 20230517 20230519
20230427 20230528 20230529 20230619 20230621
20230529 20230626 20230627 20230717 20230719
20230627 20230726 20230727 20230816 20230818
20230727 20230825 20230826 20230918 20230920
20230826 20230925 20230926 20231017 20231019
20230926 20231026 20231027 20231116 20231121
20231027 20231127 20231128 20231218 20231220
20231128 20231227 20231228 20240117 20240119
20231228 20240129 20240130 20240220 20240222
20240130 20240228 20240229 20240321 20240325
20240229 20240328 20240329 20240418 20240422
20240329 20240426 20240427 20240517 20240521
20240427 20240527 20240528 20240618 20240620
20240528 20240627 20240628 20240718 20240722
20240628 20240729 20240730 20240820 20240822
20240730 20240828 20240829 20240919 20240923
20240829 20240927 20240928 20241017 20241021
20240928 20241028 20241029 20241120 20241122
20241029 20241127 20241128 20241219 20241223
20241128 20241227 20241228 20250117 20250121