20220101 7.108676000
20220102 7.109119000
20220103 7.109563000
20220104 7.110006000
20220105 7.110450000
20220106 7.110893000
20220107 7.111337000
20220108 7.111780000
20220109 7.112224000
20220110 7.112667000
20220111 7.112720000
20220112 7.112772000
20220113 7.112825000
20220114 7.112878000
20220115 7.112930000
20220116 7.112983000
20220117 7.113035000
20220118 7.113088000
20220119 7.113140000
20220120 7.113193000
20220121 7.113245000
20220122 7.113298000
20220123 7.113351000
20220124 7.113403000
20220125 7.113456000
20220126 7.115181000
20220127 7.116906000
20220128 7.118632000
20220129 7.120358000
20220130 7.122085000
20220131 7.123812000
20220201 7.125539000
20220202 7.127267000
20220203 7.128996000
20220204 7.130724000
20220205 7.132453000
20220206 7.134183000
20220207 7.135913000
20220208 7.137644000
20220209 7.139374000
20220210 7.141106000
20220211 7.142978000
20220212 7.144851000
20220213 7.146724000
20220214 7.148598000
20220215 7.150472000
20220216 7.152346000
20220217 7.154222000
20220218 7.156097000
20220219 7.157973000
20220220 7.159850000
20220221 7.161727000
20220222 7.163605000
20220223 7.165483000
20220224 7.167362000
20220225 7.169241000
20220226 7.171564000
20220227 7.173887000
20220228 7.176212000
20220301 7.178537000
20220302 7.180863000
20220303 7.183190000
20220304 7.185517000
20220305 7.187846000
20220306 7.190175000
20220307 7.192504000
20220308 7.194835000
20220309 7.197166000
20220310 7.199498000
20220311 7.201499000
20220312 7.203501000
20220313 7.205503000
20220314 7.207506000
20220315 7.209509000
20220316 7.211513000
20220317 7.213518000
20220318 7.215523000
20220319 7.217528000
20220320 7.219535000
20220321 7.221541000
20220322 7.223548000
20220323 7.225556000
20220324 7.227565000
20220325 7.229574000
20220326 7.231752000
20220327 7.233930000
20220328 7.236109000
20220329 7.238289000
20220330 7.240470000
20220331 7.242651000
20220401 7.244833000
20220402 7.247016000
20220403 7.249199000
20220404 7.251383000
20220405 7.253567000
20220406 7.255753000
20220407 7.257938000
20220408 7.260125000
20220409 7.262312000
20220410 7.264500000
20220411 7.267354000
20220412 7.270209000
20220413 7.273066000
20220414 7.275923000
20220415 7.278782000
20220416 7.281642000
20220417 7.284503000
20220418 7.287365000
20220419 7.290228000
20220420 7.293092000
20220421 7.295957000
20220422 7.298824000
20220423 7.301692000
20220424 7.304560000
20220425 7.307430000
20220426 7.308198000
20220427 7.308965000
20220428 7.309733000
20220429 7.310501000
20220430 7.311269000
20220501 7.312036000
20220502 7.312804000
20220503 7.313572000
20220504 7.314341000
20220505 7.315109000
20220506 7.315877000
20220507 7.316646000
20220508 7.317414000
20220509 7.318183000
20220510 7.318951000
20220511 7.319811000
20220512 7.320672000
20220513 7.321532000
20220514 7.322393000
20220515 7.323254000
20220516 7.324115000
20220517 7.324976000
20220518 7.325837000
20220519 7.326698000
20220520 7.327559000
20220521 7.328420000
20220522 7.329282000
20220523 7.330143000
20220524 7.331005000
20220525 7.331867000
20220526 7.331571000
20220527 7.331275000
20220528 7.330980000
20220529 7.330684000
20220530 7.330388000
20220531 7.330093000
20220601 7.329797000
20220602 7.329501000
20220603 7.329206000
20220604 7.328910000
20220605 7.328615000
20220606 7.328319000
20220607 7.328024000
20220608 7.327728000
20220609 7.327433000
20220610 7.327137000
20220611 7.328622000
20220612 7.330108000
20220613 7.331594000
20220614 7.333081000
20220615 7.334567000
20220616 7.336054000
20220617 7.337542000
20220618 7.339029000
20220619 7.340517000
20220620 7.342005000
20220621 7.343494000
20220622 7.344983000
20220623 7.346472000
20220624 7.347961000
20220625 7.349451000
20220626 7.351863000
20220627 7.354275000
20220628 7.356689000
20220629 7.359103000
20220630 7.361518000
20220701 7.363934000
20220702 7.366350000
20220703 7.368768000
20220704 7.371186000
20220705 7.373605000
20220706 7.376025000
20220707 7.378445000
20220708 7.380866000
20220709 7.383288000
20220710 7.385711000
20220711 7.387652000
20220712 7.389594000
20220713 7.391535000
20220714 7.393478000
20220715 7.395421000
20220716 7.397364000
20220717 7.399308000
20220718 7.401252000
20220719 7.403197000
20220720 7.405143000
20220721 7.407089000
20220722 7.409035000
20220723 7.410982000
20220724 7.412929000
20220725 7.414877000
20220726 7.416859000
20220727 7.418842000
20220728 7.420824000
20220729 7.422808000
20220730 7.424792000
20220731 7.426776000
20220801 7.428761000
20220802 7.430747000
20220803 7.432733000
20220804 7.434720000
20220805 7.436707000
20220806 7.438695000
20220807 7.440683000
20220808 7.442672000
20220809 7.444661000
20220810 7.446651000
20220811 7.447777000
20220812 7.448904000
20220813 7.450031000
20220814 7.451158000
20220815 7.452286000
20220816 7.453413000
20220817 7.454541000
20220818 7.455668000
20220819 7.456796000
20220820 7.457925000
20220821 7.459053000
20220822 7.460182000
20220823 7.461310000
20220824 7.462439000
20220825 7.463568000
20220826 7.465516000
20220827 7.467464000
20220828 7.469413000
20220829 7.471363000
20220830 7.473313000
20220831 7.475263000
20220901 7.477214000
20220902 7.479166000
20220903 7.481118000
20220904 7.483070000
20220905 7.485023000
20220906 7.486977000
20220907 7.488931000
20220908 7.490885000
20220909 7.492840000
20220910 7.494796000
20220911 7.496406000
20220912 7.498017000
20220913 7.499628000
20220914 7.501240000
20220915 7.502852000
20220916 7.504464000
20220917 7.506076000
20220918 7.507689000
20220919 7.509303000
20220920 7.510916000
20220921 7.512530000
20220922 7.514144000
20220923 7.515759000
20220924 7.517374000
20220925 7.518989000
20220926 7.521027000
20220927 7.523065000
20220928 7.525104000
20220929 7.527143000
20220930 7.529183000
20221001 7.531223000
20221002 7.533264000
20221003 7.535305000
20221004 7.537347000
20221005 7.539390000
20221006 7.541433000
20221007 7.543476000
20221008 7.545521000
20221009 7.547565000
20221010 7.549611000
20221011 7.550128000
20221012 7.550645000
20221013 7.551162000
20221014 7.551680000
20221015 7.552197000
20221016 7.552714000
20221017 7.553232000
20221018 7.553749000
20221019 7.554266000
20221020 7.554784000
20221021 7.555302000
20221022 7.555819000
20221023 7.556337000
20221024 7.556854000
20221025 7.557372000
20221026 7.559441000
20221027 7.561510000
20221028 7.563580000
20221029 7.565650000
20221030 7.567721000
20221031 7.569793000
20221101 7.571865000
20221102 7.573938000
20221103 7.576011000
20221104 7.578085000
20221105 7.580159000
20221106 7.582234000
20221107 7.584310000
20221108 7.586386000
20221109 7.588463000
20221110 7.590540000
20221111 7.591303000
20221112 7.592067000
20221113 7.592831000
20221114 7.593594000
20221115 7.594358000
20221116 7.595122000
20221117 7.595886000
20221118 7.596650000
20221119 7.597414000
20221120 7.598178000
20221121 7.598942000
20221122 7.599707000
20221123 7.600471000
20221124 7.601236000
20221125 7.602000000
20221126 7.604814000
20221127 7.607630000
20221128 7.610446000
20221129 7.613264000
20221130 7.616082000
20221201 7.618902000
20221202 7.621722000
20221203 7.624544000
20221204 7.627366000
20221205 7.630190000
20221206 7.633015000
20221207 7.635840000
20221208 7.638667000
20221209 7.641495000
20221210 7.644324000
20221226 7.637511000
20221227 7.639368000
20221228 7.641227000
20221229 7.643085000
20221230 7.644945000
20221231 7.646804000
20230101 7.648664000
20230102 7.650525000
20230103 7.652386000
20230104 7.654247000
20230105 7.656109000
20230106 7.657971000
20230107 7.659834000
20230108 7.661698000
20230109 7.663561000
20230110 7.665425000
20221211 7.643746000
20221212 7.643167000
20221213 7.642589000
20221214 7.642011000
20221215 7.641433000
20221216 7.640855000
20221217 7.640276000
20221218 7.639698000
20221219 7.639120000
20221220 7.638542000
20221221 7.637964000
20221222 7.637387000
20221223 7.636809000
20221224 7.636231000
20221225 7.635653000
20230111 7.665918000
20230112 7.666411000
20230113 7.666904000
20230114 7.667397000
20230115 7.667891000
20230116 7.668384000
20230117 7.668877000
20230118 7.669370000
20230119 7.669863000
20230120 7.670356000
20230121 7.670850000
20230122 7.671343000
20230123 7.671836000
20230124 7.672330000
20230125 7.672823000
20230126 7.675005000
20230127 7.677188000
20230128 7.679371000
20230129 7.681555000
20230130 7.683739000
20230131 7.685924000
20230201 7.688110000
20230202 7.690297000
20230203 7.692484000
20230204 7.694671000
20230205 7.696859000
20230206 7.699048000
20230207 7.701238000
20230208 7.703428000
20230209 7.705619000
20230210 7.707810000
20230211 7.709586000
20230212 7.711362000
20230213 7.713139000
20230214 7.714916000
20230215 7.716693000
20230216 7.718471000
20230217 7.720249000
20230218 7.722028000
20230219 7.723807000
20230220 7.725586000
20230221 7.727366000
20230222 7.729147000
20230223 7.730927000
20230224 7.732708000
20230225 7.734490000
20230226 7.736288000
20230227 7.738086000
20230228 7.739885000
20230301 7.741684000
20230302 7.743484000
20230303 7.745284000
20230304 7.747084000
20230305 7.748885000
20230306 7.750686000
20230307 7.752488000
20230308 7.754290000
20230309 7.756092000
20230310 7.757895000
20230311 7.758740000
20230312 7.759584000
20230313 7.760428000
20230314 7.761273000
20230315 7.762117000
20230316 7.762962000
20230317 7.763807000
20230318 7.764652000
20230319 7.765497000
20230320 7.766342000
20230321 7.767187000
20230322 7.768032000
20230323 7.768877000
20230324 7.769723000
20230325 7.770568000
20230326 7.771288000
20230327 7.772007000
20230328 7.772727000
20230329 7.773447000
20230330 7.774167000
20230331 7.774887000
20230401 7.775607000
20230402 7.776327000
20230403 7.777047000
20230404 7.777767000
20230405 7.778487000
20230406 7.779207000
20230407 7.779928000
20230408 7.780648000
20230409 7.781369000
20230410 7.782089000
20230411 7.782477000
20230412 7.782865000
20230413 7.783253000
20230414 7.783641000
20230415 7.784029000
20230416 7.784417000
20230417 7.784805000
20230418 7.785193000
20230419 7.785581000
20230420 7.785969000
20230421 7.786358000
20230422 7.786746000
20230423 7.787134000
20230424 7.787522000
20230425 7.787910000
20230426 7.787069000
20230427 7.786227000
20230428 7.785386000
20230429 7.784545000
20230430 7.783704000
20230501 7.782863000
20230502 7.782022000
20230503 7.781181000
20230504 7.780340000
20230505 7.779500000
20230506 7.778659000
20230507 7.777819000
20230508 7.776978000
20230509 7.776138000
20230510 7.775298000
20230511 7.776384000
20230512 7.777471000
20230513 7.778557000
20230514 7.779644000
20230515 7.780731000
20230516 7.781818000
20230517 7.782906000
20230518 7.783993000
20230519 7.785080000
20230520 7.786168000
20230521 7.787256000
20230522 7.788344000
20230523 7.789432000
20230524 7.790521000
20230525 7.791609000
20230526 7.790060000
20230527 7.788512000
20230528 7.786964000
20230529 7.785417000
20230530 7.783869000
20230531 7.782322000
20230601 7.780776000
20230602 7.779229000
20230603 7.777683000
20230604 7.776138000
20230605 7.774592000
20230606 7.773047000
20230607 7.771502000
20230608 7.769958000
20230609 7.768413000
20230610 7.766870000
20230611 7.766821000
20230612 7.766772000
20230613 7.766724000
20230614 7.766675000
20230615 7.766627000
20230616 7.766578000
20230617 7.766530000
20230618 7.766481000
20230619 7.766433000
20230620 7.766384000
20230621 7.766336000
20230622 7.766287000
20230623 7.766239000
20230624 7.766190000
20230625 7.766142000
20230626 7.766267000
20230627 7.766392000
20230628 7.766518000
20230629 7.766643000
20230630 7.766768000
20230701 7.766894000
20230702 7.767019000
20230703 7.767144000
20230704 7.767270000
20230705 7.767395000
20230706 7.767520000
20230707 7.767646000
20230708 7.767771000
20230709 7.767896000
20230710 7.768022000
20230711 7.768870000
20230712 7.769718000
20230713 7.770567000
20230714 7.771415000
20230715 7.772264000
20230716 7.773113000
20230717 7.773961000
20230718 7.774810000
20230719 7.775659000
20230720 7.776508000
20230721 7.777358000
20230722 7.778207000
20230723 7.779056000
20230724 7.779906000
20230725 7.780755000
20230726 7.782178000
20230727 7.783601000
20230728 7.785025000
20230729 7.786449000
20230730 7.787873000
20230731 7.789297000
20230801 7.790722000
20230802 7.792146000
20230803 7.793571000
20230804 7.794997000
20230805 7.796422000
20230806 7.797848000
20230807 7.799274000
20230808 7.800701000
20230809 7.802127000
20230810 7.803554000
20230811 7.804665000
20230812 7.805776000
20230813 7.806886000
20230814 7.807997000
20230815 7.809109000
20230816 7.810220000
20230817 7.811332000
20230818 7.812443000
20230819 7.813555000
20230820 7.814667000
20230821 7.815779000
20230822 7.816891000
20230823 7.818004000
20230824 7.819116000
20230825 7.820229000
20230826 7.821781000
20230827 7.823333000
20230828 7.824885000
20230829 7.826437000
20230830 7.827990000
20230831 7.829543000
20230901 7.831096000
20230902 7.832650000
20230903 7.834204000
20230904 7.835758000
20230905 7.837313000
20230906 7.838867000
20230907 7.840423000
20230908 7.841978000
20230909 7.843534000
20230910 7.845090000
20230911 7.846426000
20230912 7.847763000
20230913 7.849100000
20230914 7.850437000
20230915 7.851774000
20230916 7.853112000
20230917 7.854450000
20230918 7.855788000
20230919 7.857126000
20230920 7.858465000
20230921 7.859803000
20230922 7.861142000
20230923 7.862481000
20230924 7.863821000
20230925 7.865161000
20231231 7.981602000
20230926 7.866461000
20230927 7.867761000
20230928 7.869062000
20230929 7.870362000
20230930 7.871663000
20231001 7.872965000
20231002 7.874266000
20231003 7.875568000
20231004 7.876870000
20231005 7.878172000
20231006 7.879474000
20231007 7.880776000
20231008 7.882079000
20231009 7.883382000
20231010 7.884685000
20231011 7.885384000
20231012 7.886083000
20231013 7.886782000
20231014 7.887481000
20231015 7.888180000
20231016 7.888880000
20231017 7.889579000
20231018 7.890278000
20231019 7.890978000
20231020 7.891677000
20231021 7.892377000
20231022 7.893076000
20231023 7.893776000
20231024 7.894476000
20231025 7.895175000
20231026 7.896372000
20231027 7.897568000
20231028 7.898765000
20231029 7.899961000
20231030 7.901158000
20231031 7.902355000
20231101 7.903553000
20231102 7.904750000
20231103 7.905948000
20231104 7.907146000
20231105 7.908344000
20231106 7.909542000
20231107 7.910740000
20231108 7.911939000
20231109 7.913137000
20231110 7.914336000
20231111 7.915039000
20231112 7.915742000
20231113 7.916445000
20231114 7.917148000
20231115 7.917852000
20231116 7.918555000
20231117 7.919258000
20231118 7.919962000
20231119 7.920665000
20231120 7.921369000
20231121 7.922072000
20231122 7.922776000
20231123 7.923479000
20231124 7.924183000
20231125 7.924887000
20231126 7.928184000
20231127 7.931483000
20231128 7.934782000
20231129 7.938084000
20231130 7.941386000
20231201 7.944690000
20231202 7.947995000
20231203 7.951302000
20231204 7.954610000
20231205 7.957919000
20231206 7.961230000
20231207 7.964542000
20231208 7.967856000
20231209 7.971171000
20231210 7.974487000
20231211 7.973929000
20231212 7.973371000
20231213 7.972813000
20231214 7.972255000
20231215 7.971697000
20231216 7.971139000
20231217 7.970581000
20231218 7.970023000
20231219 7.969466000
20231220 7.968908000
20231221 7.968350000
20231222 7.967792000
20231223 7.967235000
20231224 7.966677000
20231225 7.966120000
20231226 7.968698000
20231227 7.971277000
20231228 7.973857000
20231229 7.976438000
20231230 7.979020000
20240101 7.984185000
20240102 7.986770000
20240103 7.989355000
20240104 7.991941000
20240105 7.994527000
20240106 7.997115000
20240107 7.999703000
20240108 8.002292000
20240109 8.004882000
20240110 8.007473000
20240111 8.010014000
20240112 8.012556000
20240113 8.015099000
20240114 8.017642000
20240115 8.020187000
20240116 8.022732000
20240117 8.025278000
20240118 8.027824000
20240119 8.030372000
20240120 8.032920000
20240121 8.035469000
20240122 8.038019000
20240123 8.040570000
20240124 8.043122000
20240125 8.045674000
20240126 8.048139000
20240127 8.050605000
20240128 8.053072000
20240129 8.055540000
20240130 8.058008000
20240131 8.060477000
20240201 8.062947000
20240202 8.065417000
20240203 8.067888000
20240204 8.070360000
20240205 8.072833000
20240206 8.075307000
20240207 8.077781000
20240208 8.080256000
20240209 8.082732000
20240210 8.085209000
20240211 8.086944000
20240212 8.088680000
20240213 8.090417000
20240214 8.092153000
20240215 8.093891000
20240216 8.095628000
20240217 8.097366000
20240218 8.099104000
20240219 8.100843000
20240220 8.102582000
20240221 8.104321000
20240222 8.106061000
20240223 8.107801000
20240224 8.109541000
20240225 8.111282000
20240226 8.110715000
20240227 8.110147000
20240228 8.109579000
20240229 8.109012000
20240301 8.108444000
20240302 8.107877000
20240303 8.107310000
20240304 8.106742000
20240305 8.106175000
20240306 8.105608000
20240307 8.105040000
20240308 8.104473000
20240309 8.103906000
20240310 8.103339000
20240311 8.103678000
20240312 8.104018000
20240313 8.104357000
20240314 8.104697000
20240315 8.105036000
20240316 8.105376000
20240317 8.105715000
20240318 8.106055000
20240319 8.106395000
20240320 8.106734000
20240321 8.107074000
20240322 8.107413000
20240323 8.107753000
20240324 8.108093000
20240325 8.108432000
20240326 8.109802000
20240327 8.111173000
20240328 8.112543000
20240329 8.113914000
20240330 8.115285000
20240331 8.116657000
20240401 8.118028000
20240402 8.119400000
20240403 8.120772000
20240404 8.122144000
20240405 8.123517000
20240406 8.124889000
20240407 8.126262000
20240408 8.127636000
20240409 8.129009000
20240410 8.130383000
20240411 8.130225000
20240412 8.130067000
20240413 8.129910000
20240414 8.129752000
20240415 8.129594000
20240416 8.129437000
20240417 8.129279000
20240418 8.129121000
20240419 8.128964000
20240420 8.128806000
20240421 8.128648000
20240422 8.128491000
20240423 8.128333000
20240424 8.128175000
20240425 8.128018000
20240426 8.128515000
20240427 8.129012000
20240428 8.129509000
20240429 8.130006000
20240430 8.130503000
20240501 8.131000000
20240502 8.131497000
20240503 8.131995000
20240504 8.132492000
20240505 8.132989000
20240506 8.133486000
20240507 8.133984000
20240508 8.134481000
20240509 8.134979000
20240510 8.135476000
20240511 8.136829000
20240512 8.138181000
20240513 8.139535000
20240514 8.140888000
20240515 8.142241000
20240516 8.143595000
20240517 8.144949000
20240518 8.146303000
20240519 8.147658000
20240520 8.149012000
20240521 8.150367000
20240522 8.151722000
20240523 8.153078000
20240524 8.154433000
20240525 8.155789000
20240526 8.154704000
20240527 8.153619000
20240528 8.152535000
20240529 8.151450000
20240530 8.150366000
20240531 8.149281000
20240601 8.148197000
